2023-04-15-16:00:00 16 2 1 9
2023-04-15-16:00:00 1 0 3 11
2023-04-15-18:30:00 5 2 1 19
2023-04-15-18:30:00 17 2 1 4
2023-04-15-18:30:00 2 2 0 13
2023-04-15-18:30:00 12 1 1 15
2023-04-15-21:00:00 3 1 2 20
2023-04-16-16:00:00 10 3 0 7
2023-04-16-16:00:00 6 2 0 8
2023-04-16-18:30:00 14 1 0 18
2023-04-22-16:00:00 11 2 0 2
2023-04-22-18:30:00 19 3 0 1
2023-04-22-18:30:00 9 1 1 17
2023-04-22-18:30:00 8 1 0 14
2023-04-23-11:00:00 15 2 1 10
2023-04-23-16:00:00 20 2 2 16
2023-04-23-16:00:00 18 0 0 3
2023-04-23-18:30:00 7 0 3 12
2023-04-23-19:00:00 13 3 1 6
2023-04-24-20:00:00 4 1 2 5
2023-04-29-16:30:00 7 1 1 19
2023-04-29-16:30:00 12 4 2 11
2023-04-29-18:30:00 16 2 1 6
2023-04-29-18:30:00 18 3 2 1
2023-04-29-18:30:00 17 0 3 8
2023-04-29-21:00:00 3 2 1 2
2023-04-30-16:00:00 10 2 3 5
2023-04-30-18:30:00 15 1 0 13
2023-04-30-18:30:00 9 1 2 14
2023-05-01-20:00:00 20 0 1 4
2023-05-06-16:00:00 8 2 1 18
2023-05-06-21:00:00 11 1 1 20
2023-05-07-11:00:00 1 1 2 9
2023-05-07-16:00:00 19 2 0 15
2023-05-07-16:00:00 2 2 1 10
2023-05-07-16:00:00 4 3 1 7
2023-05-07-18:30:00 5 2 0 3
2023-05-07-18:30:00 6 1 1 12
2023-05-07-18:30:00 13 0 5 16
2023-05-08-20:00:00 14 3 3 17
2023-05-10-19:00:00 18 3 0 4
2023-05-10-19:00:00 17 2 2 1
2023-05-10-19:00:00 15 0 2 2
2023-05-10-20:00:00 10 2 0 13
2023-05-10-20:00:00 9 0 4 3
2023-05-10-21:30:00 16 4 1 14
2023-05-10-21:30:00 8 0 2 11
2023-05-11-19:00:00 5 3 0 6
2023-05-11-19:00:00 7 1 1 20
2023-05-11-20:00:00 12 0 0 19
2023-05-13-16:00:00 4 2 3 10
2023-05-13-18:30:00 11 2 0 9
2023-05-13-18:30:00 16 1 1 17
2023-05-13-21:00:00 3 2 0 15
2023-05-14-16:00:00 20 0 1 18
2023-05-14-16:00:00 6 1 1 19
2023-05-14-16:00:00 14 0 0 12
2023-05-14-18:30:00 13 2 1 5
2023-05-14-18:30:00 2 3 2 7
2023-05-14-18:30:00 1 0 4 8
2023-05-20-16:00:00 4 1 1 13
2023-05-20-18:30:00 5 1 0 11
2023-05-20-18:30:00 19 4 2 20
2023-05-20-18:30:00 17 2 0 2
2023-05-20-18:30:00 7 1 2 3
2023-05-20-18:30:00 1 2 1 12
2023-05-20-21:00:00 18 0 0 16
2023-05-21-16:00:00 10 1 0 6
2023-05-21-18:30:00 14 3 1 15
2023-05-22-21:00:00 8 0 1 9
2023-05-27-16:00:00 2 1 2 14
2023-05-27-16:00:00 12 2 0 20
2023-05-27-18:30:00 10 1 1 8
2023-05-27-18:30:00 9 1 1 7
2023-05-27-21:00:00 19 2 1 13
2023-05-28-16:00:00 6 2 0 11
2023-05-28-16:00:00 15 2 0 4
2023-05-28-18:30:00 17 2 0 18
2023-05-28-18:30:00 3 1 1 16
2023-05-28-19:00:00 5 2 0 1
2023-06-03-16:00:00 12 0 0 4
2023-06-03-18:30:00 8 0 1 3
2023-06-03-18:30:00 2 1 0 5
2023-06-03-18:30:00 1 2 0 6
2023-06-03-21:00:00 18 1 1 15
2023-06-04-16:00:00 11 2 1 17
2023-06-04-16:00:00 14 2 1 19
2023-06-04-18:30:00 16 3 1 7
2023-06-04-18:30:00 13 0 1 9
2023-06-04-21:00:00 20 1 4 10
2023-06-10-16:00:00 7 0 0 18
2023-06-10-18:30:00 6 1 1 9
2023-06-10-18:30:00 3 1 1 17
2023-06-10-18:30:00 4 2 2 8
2023-06-10-21:00:00 5 2 0 12
2023-06-11-11:00:00 1 2 2 2
2023-06-11-16:00:00 19 0 2 16
2023-06-11-16:00:00 15 2 1 20
2023-06-11-18:30:00 10 3 0 14
2023-06-11-18:30:00 13 2 2 11
2023-06-21-19:00:00 19 2 1 2
2023-06-21-19:00:00 8 0 1 12
2023-06-21-20:00:00 18 0 2 6
2023-06-21-21:30:00 11 1 1 3
2023-06-21-21:30:00 4 1 0 16
2023-06-22-19:00:00 14 3 1 1
2023-06-22-20:00:00 20 0 1 13
2023-06-22-20:00:00 7 0 1 15
2023-06-22-20:00:00 9 0 1 5
2023-06-22-21:30:00 17 4 0 10
2023-06-24-16:00:00 2 1 0 6
2023-06-24-18:30:00 11 2 1 4
2023-06-24-18:30:00 12 2 1 3
2023-06-24-21:00:00 8 1 0 19
2023-06-25-16:00:00 16 0 1 5
2023-06-25-16:00:00 14 5 1 7
2023-06-25-18:30:00 18 2 3 10
2023-06-25-18:30:00 17 2 0 13
2023-06-25-18:30:00 1 1 2 15
2023-06-26-21:00:00 20 1 0 9
2023-07-01-16:00:00 19 1 0 11
2023-07-01-18:30:00 10 2 0 12
2023-07-01-18:30:00 4 1 2 14
2023-07-01-21:00:00 15 0 0 8
2023-07-02-11:00:00 6 0 1 17
2023-07-02-16:00:00 5 2 0 20
2023-07-02-16:00:00 3 2 2 1
2023-07-02-16:00:00 2 2 2 16
2023-07-02-18:30:00 9 3 0 18
2023-07-03-21:00:00 13 1 2 7
2023-07-08-16:00:00 20 0 1 8
2023-07-08-16:00:00 9 1 1 4
2023-07-08-18:30:00 3 0 1 6
2023-07-08-18:30:00 7 3 1 1
2023-07-08-21:00:00 16 1 1 10
2023-07-09-11:00:00 18 4 3 13
2023-07-09-16:00:00 11 2 0 15
2023-07-09-16:00:00 17 0 0 19
2023-07-09-18:30:00 14 0 2 5
2023-07-09-18:30:00 12 1 0 2
2023-07-15-21:00:00 5 2 0 17
2023-07-16-11:00:00 8 0 0 7
2023-07-16-16:00:00 11 0 0 10
2023-07-16-16:00:00 19 4 1 18
2023-07-16-16:00:00 12 0 1 9
2023-07-16-18:30:00 15 0 0 16
2023-07-16-18:30:00 2 2 0 4
2023-07-17-20:00:00 13 0 0 3
2023-09-18-21:00:00 6 4 4 14
2023-09-25-20:00:00 1 0 1 20
2023-07-22-16:00:00 10 1 1 1
2023-07-22-16:00:00 16 3 1 12
2023-07-22-18:30:00 4 0 0 6
2023-07-22-18:30:00 9 2 1 19
2023-07-22-21:00:00 14 1 0 3
2023-07-23-16:00:00 18 2 2 5
2023-07-23-16:00:00 17 0 0 15
2023-07-23-16:00:00 8 0 1 13
2023-07-23-18:30:00 20 0 2 2
2023-07-24-19:00:00 7 2 0 11
2023-07-29-16:00:00 11 1 0 18
2023-07-29-16:00:00 15 1 2 9
2023-07-29-16:00:00 2 3 3 8
2023-07-29-18:30:00 6 3 1 20
2023-07-29-18:30:00 12 0 3 17
2023-07-29-16:00:00 3 1 2 10
2023-07-30-16:00:00 19 0 0 4
2023-07-30-18:30:00 5 4 1 7
2023-07-30-18:30:00 1 1 4 16
2023-07-30-18:30:00 13 1 1 14
2023-08-05-16:00:00 18 1 1 2
2023-08-05-18:30:00 13 1 0 12
2023-08-05-18:30:00 15 2 2 6
2023-08-05-20:00:00 11 2 1 16
2023-08-06-16:00:00 20 1 0 14
2023-08-06-16:00:00 19 0 0 3
2023-08-06-18:30:00 8 0 0 5
2023-08-06-18:30:00 7 0 1 17
2023-08-06-18:30:00 4 3 1 1
2023-08-06-21:00:00 9 3 0 10
2023-08-12-21:00:00 5 3 1 15
2023-08-13-11:00:00 3 1 0 4
2023-08-13-16:00:00 6 3 1 7
2023-08-13-16:00:00 14 2 1 11
2023-08-13-16:00:00 1 0 1 13
2023-08-13-18:30:00 10 1 1 19
2023-08-13-18:30:00 12 4 0 18
2023-08-14-19:00:00 16 1 0 8
2023-08-14-21:00:00 17 1 1 20
2023-08-15-20:00:00 2 2 0 9
2023-08-19-16:00:00 19 0 0 5
2023-08-19-16:00:00 15 0 1 12
2023-08-19-18:30:00 11 3 1 1
2023-08-19-18:30:00 9 0 2 16
2023-08-19-21:00:00 8 1 1 6
2023-08-20-11:00:00 20 1 0 3
2023-08-20-16:00:00 18 2 1 14
2023-08-20-16:00:00 7 2 3 10
2023-08-20-16:00:00 4 4 0 17
2023-08-21-20:00:00 13 1 1 2
2023-08-26-18:30:00 10 0 0 15
2023-08-26-21:00:00 6 1 1 13
2023-08-27-11:00:00 17 2 0 9
2023-08-27-16:00:00 5 3 0 4
2023-08-27-16:00:00 3 2 0 18
2023-08-27-16:00:00 1 2 1 19
2023-08-27-18:30:00 16 1 0 20
2023-08-27-18:30:00 2 2 2 11
2023-08-27-18:30:00 12 3 1 7
2023-08-27-19:00:00 14 3 0 8
2023-09-02-16:00:00 13 0 0 15
2023-09-02-16:00:00 2 1 1 3
2023-09-02-21:00:00 5 1 2 10
2023-09-03-11:00:00 14 2 0 9
2023-09-03-16:00:00 11 1 0 12
2023-09-03-16:00:00 6 0 0 16
2023-09-03-18:30:00 8 0 0 17
2023-09-03-18:30:00 4 1 1 20
2023-09-03-18:30:00 1 2 0 18
2023-09-27-19:00:00 19 2 1 7
2023-09-13-21:30:00 10 0 3 2
2023-09-13-21:30:00 15 2 1 19
2023-09-14-19:00:00 18 0 3 8
2023-09-14-19:00:00 12 2 1 6
2023-09-14-20:00:00 7 2 4 4
2023-09-14-21:30:00 17 2 0 14
2023-09-15-20:00:00 9 2 2 1
2023-09-15-21:30:00 16 1 0 13
2023-09-16-16:00:00 20 4 2 11
2023-09-16-21:00:00 3 1 0 5
2023-09-18-20:00:00 4 1 2 18
2023-09-19-21:30:00 1 0 2 17
2023-09-20-19:00:00 13 0 0 10
2023-09-20-21:30:00 11 1 0 8
2023-09-20-21:30:00 19 1 2 12
2023-09-21-19:00:00 20 5 1 7
2023-09-21-19:30:00 2 2 1 15
2023-09-21-21:30:00 14 1 0 16
2023-09-22-20:00:00 6 1 0 5
2023-09-23-21:00:00 3 1 0 9
2023-09-30-16:00:00 10 1 0 4
2023-09-30-16:00:00 12 1 1 14
2023-09-30-18:30:00 19 2 1 6
2023-09-30-18:30:00 9 3 0 11
2023-09-30-21:00:00 15 0 2 3
2023-09-01-16:00:00 18 4 1 20
2023-09-01-16:00:00 8 1 1 1
2023-09-01-16:00:00 7 2 0 2
2023-09-01-18:30:00 17 2 1 16
2023-09-02-20:00:00 5 1 1 13
2023-10-07-16:00:00 13 4 6 4
2023-10-07-18:30:00 20 0 0 19
2023-10-07-21:00:00 6 1 1 10
2023-10-08-16:00:00 11 0 2 5
2023-10-08-16:00:00 16 1 2 18
2023-10-08-16:00:00 15 3 2 14
2023-10-08-18:30:00 3 1 2 7
2023-10-08-18:30:00 2 1 1 17
2023-10-08-18:30:00 12 3 2 1
2023-10-14-21:00:00 9 0 0 8
2023-10-18-19:00:00 14 1 2 2
2023-10-18-20:00:00 7 0 3 9
2023-10-18-20:00:00 1 1 2 5
2023-10-18-21:30:00 20 1 0 12
2023-10-18-21:30:00 13 2 0 19
2023-10-18-21:30:00 4 1 0 15
2023-10-19-19:00:00 16 0 2 3
2023-10-19-19:00:00 8 0 2 10
2023-10-19-20:00:00 18 1 3 17
2023-10-19-21:30:00 11 3 3 6
2023-10-18-18:30:00 19 3 0 14
2023-10-18-18:30:00 4 2 0 12
2023-10-18-18:30:00 9 1 1 13
2023-10-18-15:00:00 5 1 1 2
2023-10-18-16:00:00 10 1 0 20
2023-10-18-16:00:00 3 0 1 8
2023-10-18-16:00:00 15 7 1 18
2023-10-18-18:30:00 6 1 1 1
2023-10-18-18:30:00 17 1 0 11
2023-10-18-18:30:00 7 0 2 16
2023-10-25-19:00:00 11 5 3 13
2023-10-25-19:00:00 17 1 2 3
2023-10-25-19:00:00 2 3 2 1
2023-10-25-20:00:00 16 5 0 19
2023-10-25-20:00:00 8 3 0 4
2023-10-25-21:30:00 14 3 2 10
2023-10-25-21:30:00 9 0 1 6
2023-10-26-19:00:00 20 1 2 15
2023-10-26-21:30:00 18 2 1 7
2023-11-23-19:00:00 12 2 2 5
2023-10-28-19:00:00 16 1 0 4
2023-10-28-19:00:00 1 3 4 14
2023-10-28-21:00:00 3 2 0 11
2023-10-29-16:00:00 13 1 1 20
2023-10-29-16:00:00 2 1 1 19
2023-10-29-18:30:00 6 1 1 18
2023-10-29-18:30:00 15 3 4 7
2023-10-29-20:00:00 5 0 1 9
2023-11-18-18:30:00 12 0 1 8
2023-11-23-21:30:00 10 1 0 17
2023-10-31-19:00:00 4 1 0 11
2023-11-01-19:00:00 6 1 0 2
2023-11-01-19:00:00 15 1 1 1
2023-11-01-20:00:00 10 1 2 18
2023-11-01-20:00:00 7 1 2 14
2023-11-01-21:30:00 5 3 4 16
2023-11-01-21:30:00 3 3 1 12
2023-11-02-17:00:00 9 0 2 20
2023-11-02-18:00:00 13 0 2 17
2023-11-02-20:00:00 19 1 0 8
2023-11-04-19:30:00 14 1 0 4
2023-11-04-19:30:00 1 1 1 3
2023-11-04-21:30:00 16 1 0 2
2023-11-05-16:00:00 17 1 0 6
2023-11-05-16:00:00 8 1 2 15
2023-11-05-16:00:00 12 0 2 10
2023-11-05-18:30:00 7 0 1 13
2023-11-06-19:00:00 20 1 0 5
2023-11-06-21:00:00 18 0 0 9
2023-11-22-21:30:00 11 1 0 19
2023-11-08-19:00:00 15 0 0 11
2023-11-08-19:00:00 1 0 3 7
2023-11-08-20:00:00 19 1 0 17
2023-11-08-20:00:00 2 1 1 12
2023-11-08-21:30:00 10 3 0 16
2023-11-09-19:00:00 6 1 1 3
2023-11-09-19:00:00 13 0 1 18
2023-11-09-20:00:00 5 3 4 14
2023-11-09-20:00:00 4 0 3 9
2023-11-22-19:00:00 8 2 2 20
2023-11-11-16:00:00 7 1 0 8
2023-11-11-18:30:00 10 1 1 11
2023-11-11-21:00:00 16 3 0 15
2023-11-12-16:00:00 17 2 2 5
2023-11-12-16:00:00 14 0 1 6
2023-11-12-18:30:00 20 2 1 1
2023-11-12-18:30:00 18 0 0 19
2023-11-12-18:30:00 3 2 1 13
2023-11-12-18:30:00 4 1 1 2
2023-11-12-18:30:00 9 2 1 12
2023-11-24-21:00:00 6 1 5 4
2023-11-25-19:30:00 2 0 0 20
2023-11-25-21:00:00 11 2 1 7
2023-11-26-16:00:00 5 1 1 18
2023-11-26-16:00:00 3 3 0 14
2023-11-26-18:30:00 19 0 0 9
2023-11-26-18:30:00 15 1 0 17
2023-11-26-18:30:00 12 2 2 16
2023-11-26-18:30:00 1 0 3 10
2023-11-27-21:00:00 13 0 1 8
2023-11-28-21:30:00 20 2 4 6
2023-11-29-19:00:00 18 0 3 11
2023-11-29-19:30:00 10 0 3 3
2023-11-29-20:00:00 4 0 1 19
2023-11-29-20:00:00 9 0 2 15
2023-11-29-21:30:00 16 4 0 1
2023-11-29-21:30:00 7 1 1 5
2023-11-30-19:00:00 14 2 1 13
2023-11-30-20:00:00 8 1 1 2
2023-11-30-20:30:00 17 1 2 12
2023-11-29-18:00:00 6 1 2 15
2023-11-29-21:00:00 3 2 1 19
2023-11-29-16:00:00 10 2 1 9
2023-11-29-16:00:00 16 1 0 11
2023-11-29-18:30:00 5 0 0 8
2023-11-29-18:30:00 17 1 0 7
2023-11-29-18:30:00 14 1 0 20
2023-11-29-18:30:00 2 3 0 18
2023-11-29-18:30:00 12 1 0 13
2023-11-29-18:30:00 1 3 2 4
2023-12-06-19:00:00 13 1 0 1
2023-12-06-21:30:00 11 2 3 14
2023-12-06-21:30:00 20 2 1 17
2023-12-06-21:30:00 19 1 0 10
2023-12-06-21:30:00 18 1 2 12
2023-12-06-21:30:00 8 1 1 16
2023-12-06-21:30:00 15 3 1 5
2023-12-06-21:30:00 7 0 2 6
2023-12-06-21:30:00 4 4 1 3
2023-12-06-21:30:00 9 3 0 2